CHPP_SDS_3002.mzML
6.505
8.037
8.750
7.323
6.444
6.544
6.341
8.125
6.811
6.310

GRAIN_DEVELOPMENT_Z71_3.mzML
7.234
8.699
8.710
8.530
7.114
9.305
8.400
8.222
7.762
8.110

STEM_12.mzML
13.911
12.016
13.768
12.632
11.705
12.073
11.205
13.096
12.781
12.723

18185_REP2_4pmol_UPS2_IDA_1.mzML
16.822
17.085
18.970
16.838
16.332
17.964
16.933
17.554
15.945
18.845

POLLEN_2.mzML
14.013
15.416
14.614
13.209
17.097
16.287
15.610
16.909
14.151
14.951

Sheppard_Werner_RNAPORF145_09.mzML
12.782
14.770
13.591
14.845
13.799
12.324
14.278
12.914
13.085
13.410

Sheppard_Werner_RNAPORF145_06.mzML
13.056
15.257
15.383
13.944
13.894
14.000
14.199
14.525
13.174
15.435

Sheppard_Werner_RNAPORF145_03.mzML
20.596
15.418
18.941
19.368
22.071
17.084
19.847
18.903
16.675
23.006

